# Created by Octave 7.1.0, Sat Jun 25 11:38:43 2022 CST <manuelmartinezflores@MacBook-Pro-de-Manuel.local>
# name: A
# type: matrix
# rows: 3
# columns: 3
 1 2 3
 4 5 6
 7 8 9


