# Created by Octave 7.1.0, Tue Jun 07 16:15:54 2022 CST <manuelmartinezflores@MacBook-Pro-de-Manuel.local>
# name: x
# type: scalar
5


# name: y
# type: scalar
2


# name: z
# type: scalar
1


